        Serial no.           Change Request #   Target Date  Ready for Promotion                                                                               Attachment             EAP Attachment/\nEAP included? (Y/N)                                                                                                                                                                                                                                        Description  Version Urgency Classification           Weblogic Cluster                                                                            EAR file Datasource Team     Requested by                                                                                                                          Remarks EAP (PROD)  VH3                 CORP                 HKEC          Unnamed: 20          Unnamed: 21          Unnamed: 22          Unnamed: 23          Unnamed: 24                 HKWC          Unnamed: 26          Unnamed: 27          Unnamed: 28          Unnamed: 29          Unnamed: 30          Unnamed: 31          Unnamed: 32                  KCC          Unnamed: 34          Unnamed: 35          Unnamed: 36          Unnamed: 37          Unnamed: 38          Unnamed: 39          Unnamed: 40                  KEC          Unnamed: 42          Unnamed: 43                  KWC          Unnamed: 45          Unnamed: 46          Unnamed: 47          Unnamed: 48                 NTEC          Unnamed: 50          Unnamed: 51          Unnamed: 52          Unnamed: 53          Unnamed: 54          Unnamed: 55                 NTWC          Unnamed: 57          Unnamed: 58          Unnamed: 59          Unnamed: 60 Unnamed: 61 Unnamed: 62
65   PPM2021_03001               ACUTEPAIN-23           NaN  2021-03-02 00:00:00                                                      ..\Forms\2021\BW\PPM2021_03001.xlsx  ..\EAP\Forms\EAP_CmsmiscCorpMisca_21_03001.xlsx                                                                                                                                        ACUTEPAIN-23: [ACUTEPAIN] Enhance APS patient list to display both Chinese and English patient names in PSP  2021-03      BW     Bi-weeking        CmsmiscCorpMiscaPrd                                                                                 NaN        NaN  CS1        Ivan FUNG                                                                                                                              NaN 2021-03-08  NaN                  NaN  2021-03-16 00:00:00  2021-03-16 00:00:00  2021-03-16 00:00:00  2021-03-16 00:00:00  2021-03-16 00:00:00  2021-03-16 00:00:00  2021-03-16 00:00:00  2021-03-16 00:00:00  2021-03-16 00:00:00  2021-03-16 00:00:00  2021-03-16 00:00:00  2021-03-16 00:00:00  2021-03-16 00:00:00  2021-03-16 00:00:00  2021-03-20 00:00:00  2021-03-09 00:00:00  2021-03-16 00:00:00  2021-03-09 00:00:00  2021-03-17 00:00:00  2021-03-16 00:00:00  2021-03-09 00:00:00  2021-03-10 00:00:00  2021-03-10 00:00:00  2021-03-17 00:00:00  2021-03-09 00:00:00  2021-03-18 00:00:00  2021-03-18 00:00:00  2021-03-18 00:00:00  2021-03-18 00:00:00  2021-03-18 00:00:00  2021-03-20 00:00:00  2021-03-20 00:00:00  2021-03-20 00:00:00  2021-03-19 00:00:00  2021-03-19 00:00:00  2021-03-19 00:00:00  2021-03-19 00:00:00  2021-03-17 00:00:00  2021-03-17 00:00:00  2021-03-09 00:00:00  2021-03-09 00:00:00  2021-03-17 00:00:00         NaN         NaT
66   PPM2021_03002                      DT-11           NaN  2021-03-02 00:00:00  https://wfeng-svc/Runtime/Runtime/Form/CMS__Promotion__Form?formnumber=M-ITOCMS-21-0054                                                Y                                                                                                                                                            DT-11: [DT] Update CMSAF to latest version and enable to write ALS log to file for CLAP  2021-03      BW     Bi-weeking       CmspriCorpPascommPrd                                                     CMS_PAS_COMMON_APP_4_1_2 4.1.2         NaN  CS2        Jack WONG                     [EAP 12c rollout] Please promote the change to ALL hospitals (Please promote after PMIENQ-3 (PPM2020_19001)) 2021-03-08  NaN                  NaN  2021-04-10 00:00:00  2021-04-10 00:00:00  2021-04-10 00:00:00  2021-04-10 00:00:00  2021-04-10 00:00:00  2021-04-10 00:00:00  2021-04-10 00:00:00  2021-04-10 00:00:00  2021-04-10 00:00:00  2021-04-10 00:00:00  2021-04-10 00:00:00  2021-04-10 00:00:00  2021-04-10 00:00:00  2021-04-10 00:00:00  2021-03-20 00:00:00  2021-03-09 00:00:00  2021-03-16 00:00:00  2021-03-09 00:00:00  2021-03-17 00:00:00  2021-03-16 00:00:00  2021-03-09 00:00:00  2021-03-10 00:00:00  2021-03-10 00:00:00  2021-03-17 00:00:00  2021-03-09 00:00:00  2021-04-20 00:00:00  2021-04-20 00:00:00  2021-04-20 00:00:00  2021-04-15 00:00:00  2021-04-15 00:00:00  2021-03-20 00:00:00  2021-03-20 00:00:00  2021-03-20 00:00:00  2021-03-19 00:00:00  2021-03-19 00:00:00  2021-03-19 00:00:00  2021-03-19 00:00:00  2021-03-17 00:00:00  2021-03-17 00:00:00  2021-03-09 00:00:00  2021-03-09 00:00:00  2021-03-17 00:00:00         NaN         NaT
67   PPM2021_03003                      PPS-6           TBC  2021-03-02 00:00:00  https://wfeng-svc/Runtime/Runtime/Form/CMS__Promotion__Form?formnumber=M-ITOCMS-21-0064                                                Y                                                                                                                                                                     PPS-6: [PPS] Enhance to support multiple update in one single web service call  2021-03      BW     Bi-weeking       CmspriCorpPascommPrd                                                        CMS_PAS_PPS_WSS_1_1_1 1.1.1         NaN  CS2        Noel CHAN                                                             [EAP 12c rollout] Please promote before CCM-34 (PPM2021_03023) (TBC) 2021-03-08  NaN                  NaN                  NaN                  NaN                  NaN                  NaN                  NaN                  NaN                  NaN                  NaN                  NaN                  NaN                  NaN                  NaN                  NaN                  NaN                  NaN                  NaN                  NaN                  NaN                  NaN                  NaN                  NaN                  NaN                  NaN                  NaN                  NaN                  NaN                  NaN                  NaN                  NaN                  NaN                  NaN                  NaN                  NaN                  NaN                  NaN                  NaN                  NaN                  NaN                  NaN                  NaN                  NaN                  NaN        Done         NaT
68   PPM2021_03004                  CMSALS-22  2021 Apr CMW  2021-03-02 00:00:00                                                      ..\Forms\2021\BW\PPM2021_03004.xlsx    ..\EAP\Forms\EAP_CmstertCorpAls_21_03004.xlsx                                                                                                                                                                          CMSALS-22: [ALS] Enhance the ALS library(WLS) to support CLAP requirement  2021-03      BW     Bi-weeking          CmstertCorpAlsPpm                                                                    ha.app.audit.als        NaN  EA2       Annie Choi                                                                                   [EAP 12c rollout] All hospitals / 2021 Apr CMW        NaT  NaN  2021-03-09 00:00:00                  NaN                  NaN                  NaN                  NaN                  NaN                  NaN                  NaN                  NaN                  NaN                  NaN                  NaN                  NaN                  NaN                  NaN                  NaN                  NaN                  NaN                  NaN                  NaN                  NaN                  NaN                  NaN                  NaN                  NaN                  NaN                  NaN                  NaN                  NaN                  NaN                  NaN                  NaN                  NaN                  NaN                  NaN                  NaN                  NaN                  NaN                  NaN                  NaN                  NaN                  NaN                  NaN         NaN         NaT
69   PPM2021_03005         GCRS-163, GCRS-145           NaN  2021-03-02 00:00:00                                                      ..\Forms\2021\BW\PPM2021_03005.xlsx                                                Y                                                                                   GCRS-163: [GCRS] To print "Disease Category" on Histopathology Request sheet for Molecular Test\nGCRS-145: [GCRS] Align the job sheet format of blood bank tests  2021-03      BW     Bi-weeking              CmsCorpGcrPrd                                                           cms-gcr-gcr-app-4_7_0.ear        NaN  CS1       Katie WONG                                                                                                               [EAP 12c rollout]  2021-03-08  NaN  2021-03-09 00:00:00  2021-03-16 00:00:00  2021-03-16 00:00:00  2021-03-16 00:00:00  2021-03-16 00:00:00  2021-03-16 00:00:00  2021-03-16 00:00:00  2021-03-16 00:00:00  2021-03-16 00:00:00  2021-03-16 00:00:00  2021-03-16 00:00:00  2021-03-16 00:00:00  2021-03-16 00:00:00  2021-03-16 00:00:00  2021-03-16 00:00:00  2021-03-20 00:00:00  2021-03-09 00:00:00  2021-03-16 00:00:00  2021-03-09 00:00:00  2021-03-17 00:00:00  2021-03-16 00:00:00  2021-03-09 00:00:00  2021-03-10 00:00:00  2021-03-10 00:00:00  2021-03-17 00:00:00  2021-03-09 00:00:00  2021-04-20 00:00:00  2021-04-20 00:00:00  2021-04-20 00:00:00  2021-04-15 00:00:00  2021-03-25 00:00:00  2021-03-20 00:00:00  2021-03-20 00:00:00  2021-03-20 00:00:00  2021-03-19 00:00:00  2021-03-19 00:00:00  2021-03-19 00:00:00  2021-03-19 00:00:00  2021-03-17 00:00:00  2021-03-17 00:00:00  2021-03-09 00:00:00  2021-03-09 00:00:00  2021-03-17 00:00:00         NaN         NaT
71   PPM2021_03006  AEIS-86, AEIS-91, AEIS-92           NaN  2021-03-02 00:00:00                                                      ..\Forms\2021\BW\PPM2021_03006.xlsx                                                Y  AEIS-86: [AEIS] Enhancement of AEIS-CQMS data interface\nAEIS-91: [AEIS] Visual acuity (VA) data input enhancement in A&E Clinical Documentation Form\nAEIS-92: [AEIS] Revision of Consultation tabpage layout in A&E Clinical Documentation Form  2021-03      BW     Bi-weeking          CmssecCorpAeisPrd                                                       CMS_AEIS_AEIS_APP_8_1_0 8.1.0        NaN  CD2    Hon Sing Chan                                                                                              [EAP 12c rollout] For NLT, SJH only 2021-03-08  NaN  2021-03-09 00:00:00                  NaN                  NaN                  NaN  2021-03-16 00:00:00                  NaN                  NaN                  NaN                  NaN                  NaN                  NaN                  NaN                  NaN                  NaN                  NaN                  NaN                  NaN                  NaN                  NaN                  NaN                  NaN                  NaN                  NaN                  NaN                  NaN                  NaN                  NaN                  NaN                  NaN                  NaN  2021-03-18 00:00:00                  NaN                  NaN                  NaN                  NaN                  NaN                  NaN                  NaN                  NaN                  NaN                  NaN                  NaN                  NaN         NaN         NaT
72   PPM2021_03007                   BEDMGT-7           NaN  2021-03-02 00:00:00  https://wfeng-svc/Runtime/Runtime/Form/CMS__Promotion__Form?formnumber=M-ITOCMS-21-0059                                                Y                                                                                                                                                             BEDMGT-7: [BEDMGT] To support NTEC implementation and function tuning after FG meeting  2021-03      BW     Bi-weeking       CmspriCorpPascommPrd                                                       CMS_BED_MANAGEMENT_APP_1_0_2         NaN  CS2        Noel CHAN                       [EAP 12c rollout] Affected Hospital: QMH, FYK, GH, TWH, NLT, Please promote after BEDMGT-8 (PPM2021_S0045) 2021-03-09  NaN  2021-03-09 00:00:00                  NaN                  NaN                  NaN                  NaN                  NaN                  NaN  2021-03-16 00:00:00                  NaN  2021-03-16 00:00:00  2021-03-16 00:00:00                  NaN                  NaN  2021-03-16 00:00:00                  NaN                  NaN                  NaN                  NaN                  NaN                  NaN                  NaN                  NaN                  NaN                  NaN                  NaN                  NaN                  NaN                  NaN                  NaN                  NaN  2021-03-18 00:00:00                  NaN                  NaN                  NaN                  NaN                  NaN                  NaN                  NaN                  NaN                  NaN                  NaN                  NaN                  NaN         NaN         NaT
73   PPM2021_03008           CCE-119, CCE-121           NaN  2021-03-02 00:00:00  https://wfeng-svc/Runtime/Runtime/Form/CMS__Promotion__Form?formnumber=M-ITOCMS-21-0074                                                Y                                                                                       CCE-119: [CCE] Show the "Read by" & "Date of Action" column in Read folder of IRR folder\nCCE-121: [CCE] To fix the sorting order issue in Notify Me message  2021-03      BW     Bi-weeking          CmstertCorpCcePrd                                                     CMS_CCE_ClinicalInbox_APP_5_3_0        NaN  CS4       Jacob FUNG                                                           [EAP 12c rollout] Please promote CCE-121 before CCE-127(PPM2021_03009) 2021-03-08  NaN                  NaN                  NaN                  NaN                  NaN                  NaN                  NaN                  NaN                  NaN                  NaN                  NaN                  NaN                  NaN                  NaN                  NaN                  NaN                  NaN                  NaN                  NaN                  NaN                  NaN                  NaN                  NaN                  NaN                  NaN                  NaN                  NaN                  NaN                  NaN                  NaN                  NaN                  NaN                  NaN                  NaN                  NaN                  NaN                  NaN                  NaN                  NaN                  NaN                  NaN                  NaN                  NaN                  NaN         NaN         NaT
74   PPM2021_03009                    CCE-127           NaN  2021-03-02 00:00:00  https://wfeng-svc/Runtime/Runtime/Form/CMS__Promotion__Form?formnumber=M-ITOCMS-21-0075                                              NaN                                                                                                                                                                                                         CCE-127: [CCE] Forwarder script of CCE-119  2021-03      BW     Bi-weeking                        NaN                                                                                 NaN        NaN  CS4       Jacob FUNG                                                                    [EAP 12c rollout] Please promote after CCE-119(PPM2021_03008)        NaT  NaN                  NaN  2021-04-16 00:00:00  2021-04-16 00:00:00  2021-04-16 00:00:00  2021-04-16 00:00:00  2021-04-16 00:00:00  2021-04-16 00:00:00  2021-04-16 00:00:00  2021-04-16 00:00:00  2021-04-16 00:00:00  2021-04-16 00:00:00  2021-04-16 00:00:00  2021-04-16 00:00:00  2021-04-16 00:00:00  2021-04-16 00:00:00  2021-03-20 00:00:00  2021-03-09 00:00:00  2021-03-16 00:00:00  2021-03-09 00:00:00  2021-03-17 00:00:00  2021-03-16 00:00:00  2021-03-09 00:00:00  2021-03-10 00:00:00  2021-03-10 00:00:00  2021-03-17 00:00:00  2021-03-09 00:00:00  2021-04-20 00:00:00  2021-04-20 00:00:00  2021-04-20 00:00:00  2021-04-15 00:00:00  2021-04-15 00:00:00  2021-03-20 00:00:00  2021-03-20 00:00:00  2021-03-20 00:00:00  2021-03-19 00:00:00  2021-03-19 00:00:00  2021-03-19 00:00:00  2021-03-19 00:00:00  2021-03-17 00:00:00  2021-03-17 00:00:00  2021-03-09 00:00:00  2021-03-09 00:00:00  2021-03-17 00:00:00         NaN         NaT
75   PPM2021_03010                  CIEDRM-10           NaN  2021-03-02 00:00:00  https://wfeng-svc/Runtime/Runtime/Form/CMS__Promotion__Form?formnumber=M-ITOCMS-21-0070  ..\EAP\Forms\EAP_CmsmiscCorpMisch_21_03010.xlsx                                                                                                                                                                                  CIEDRM-10: [CIEDRM]Migrate to 12c and Apply CMSAF 3.5.0 to CIEDRM  2021-03      BW     Bi-weeking        CmsmiscCorpMischPrd                                                   CMS_CIEDRM_CIEDRM_APP_1_2_0 1.2.0        NaN  CS3      David Cheng                                                                [EAP 12c rollout] Please promote before CIEDRM-14 (PPM2021_03025) 2021-03-08  NaN                  NaN                  NaN                  NaN                  NaN                  NaN                  NaN                  NaN                  NaN                  NaN                  NaN                  NaN                  NaN                  NaN                  NaN                  NaN                  NaN                  NaN                  NaN                  NaN                  NaN                  NaN                  NaN                  NaN                  NaN                  NaN                  NaN                  NaN                  NaN                  NaN                  NaN                  NaN                  NaN                  NaN                  NaN                  NaN                  NaN                  NaN                  NaN                  NaN                  NaN                  NaN                  NaN                  NaN         NaN         NaT
76   PPM2021_03011                  IPMOE-141           NaN  2021-03-02 00:00:00  https://wfeng-svc/Runtime/Runtime/Form/CMS__Promotion__Form?formnumber=M-ITOCMS-21-0073                                                Y                                                                                                                                                          IPMOE-141: [IPMOE]Therapeutic duplication checking for drug classes advised by the MODSWG  2021-03      BW     Bi-weeking            CmsCorpIpmoePrd  CMS_MOE_IPMOE_APP_2_2_15, IPMOE_MSG_APP_2_2_15, CMS_IPMOE_MSGMdb_APP_2_2_15 2.2.15        NaN  CS6     Desmond CHOW                                                                            [EAP 12c rollout] Please promote before IPMOE-204 (*) 2021-03-09  NaN  2021-03-09 00:00:00  2021-03-16 00:00:00  2021-03-16 00:00:00  2021-03-16 00:00:00  2021-03-16 00:00:00  2021-03-16 00:00:00  2021-03-16 00:00:00  2021-03-16 00:00:00  2021-03-16 00:00:00  2021-03-16 00:00:00  2021-03-16 00:00:00  2021-03-16 00:00:00  2021-03-16 00:00:00  2021-03-16 00:00:00  2021-03-16 00:00:00  2021-03-20 00:00:00  2021-03-09 00:00:00  2021-03-16 00:00:00  2021-03-09 00:00:00  2021-03-17 00:00:00  2021-03-16 00:00:00  2021-03-09 00:00:00  2021-03-10 00:00:00  2021-03-10 00:00:00  2021-03-17 00:00:00  2021-03-09 00:00:00  2021-03-18 00:00:00  2021-03-18 00:00:00  2021-03-18 00:00:00  2021-03-18 00:00:00  2021-03-18 00:00:00  2021-03-20 00:00:00  2021-03-20 00:00:00  2021-03-20 00:00:00  2021-03-19 00:00:00  2021-03-19 00:00:00  2021-03-19 00:00:00  2021-03-19 00:00:00  2021-03-17 00:00:00  2021-03-17 00:00:00  2021-03-09 00:00:00  2021-03-09 00:00:00  2021-03-17 00:00:00         NaN         NaT
78   PPM2021_03012                      FIG-7           NaN  2021-03-02 00:00:00                                                      ..\Forms\2021\BW\PPM2021_03012.xlsx                                                Y                                                                                                                                                                                                 FIG-7: [FIG] Set timeout when opening image viewer  2021-03      BW     Bi-weeking          CmssecCorpAeisPrd                                                        CMS_FIG_FORM_APP_1_1_0 1.1.0        NaN  CS6      Peter CHONG                                                                                                               [EAP 12c rollout]  2021-03-08  NaN  2021-03-09 00:00:00  2021-03-16 00:00:00  2021-03-16 00:00:00  2021-03-16 00:00:00  2021-03-16 00:00:00  2021-03-16 00:00:00  2021-03-16 00:00:00  2021-03-16 00:00:00  2021-03-16 00:00:00  2021-03-16 00:00:00  2021-03-16 00:00:00  2021-03-16 00:00:00  2021-03-16 00:00:00  2021-03-16 00:00:00  2021-03-16 00:00:00  2021-03-20 00:00:00  2021-03-09 00:00:00  2021-03-16 00:00:00  2021-03-09 00:00:00  2021-03-17 00:00:00  2021-03-16 00:00:00  2021-03-09 00:00:00  2021-03-10 00:00:00  2021-03-10 00:00:00  2021-03-17 00:00:00  2021-03-09 00:00:00  2021-03-18 00:00:00  2021-03-18 00:00:00  2021-03-18 00:00:00  2021-03-18 00:00:00  2021-03-18 00:00:00  2021-03-20 00:00:00  2021-03-20 00:00:00  2021-03-20 00:00:00  2021-03-19 00:00:00  2021-03-19 00:00:00  2021-03-19 00:00:00  2021-03-19 00:00:00  2021-03-17 00:00:00  2021-03-17 00:00:00  2021-03-09 00:00:00  2021-03-09 00:00:00  2021-03-17 00:00:00         NaN         NaT
79   PPM2021_03013                    MRAM-26           NaN  2021-03-02 00:00:00  https://wfeng-svc/Runtime/Runtime/Form/CMS__Promotion__Form?formnumber=M-ITOCMS-21-0076                                                Y                                                                                                                                                                                      MRAM-26: [MRAM]Update UI and the data retrieval logic in MRAM  2021-03      BW     Bi-weeking            CmsCorpMisc2Prd                                                            CMS_MRAM_MAIN_APP_4_17_0        NaN  CS6     Desmond Chow                                                                                                               [EAP 12c rollout]  2021-03-09  NaN  2021-03-09 00:00:00  2021-03-16 00:00:00  2021-03-16 00:00:00  2021-03-16 00:00:00  2021-03-16 00:00:00  2021-03-16 00:00:00  2021-03-16 00:00:00  2021-03-16 00:00:00  2021-03-16 00:00:00  2021-03-16 00:00:00  2021-03-16 00:00:00  2021-03-16 00:00:00  2021-03-16 00:00:00  2021-03-16 00:00:00  2021-03-16 00:00:00  2021-03-20 00:00:00  2021-03-09 00:00:00  2021-03-16 00:00:00  2021-03-09 00:00:00  2021-03-17 00:00:00  2021-03-16 00:00:00  2021-03-09 00:00:00  2021-03-10 00:00:00  2021-03-10 00:00:00  2021-03-17 00:00:00  2021-03-09 00:00:00  2021-03-18 00:00:00  2021-03-18 00:00:00  2021-03-18 00:00:00  2021-03-18 00:00:00  2021-03-18 00:00:00  2021-03-20 00:00:00  2021-03-20 00:00:00  2021-03-20 00:00:00  2021-03-19 00:00:00  2021-03-19 00:00:00  2021-03-19 00:00:00  2021-03-19 00:00:00  2021-03-17 00:00:00  2021-03-17 00:00:00  2021-03-09 00:00:00  2021-03-09 00:00:00  2021-03-17 00:00:00         NaN         NaT
81   PPM2021_03014                     MCNR-2           NaN  2021-03-02 00:00:00                                                      ..\Forms\2021\BW\PPM2021_03014.xlsx                                                Y                                                                                                                                                                             MCNR-2: [CNR] Enhance Nursing Note function to support mobile version.  2021-03      BW     Bi-weeking          CmssecCorpAeisPrd                                                        CMS_CNR_MAIN_APP_4_2_0 4.2.0        NaN  CS4  Wing Chung TANG                                                                                                                [EAP 12c rollout] 2021-03-08  NaN  2021-03-09 00:00:00  2021-03-16 00:00:00  2021-03-16 00:00:00  2021-03-16 00:00:00  2021-03-16 00:00:00  2021-03-16 00:00:00  2021-03-16 00:00:00  2021-03-16 00:00:00  2021-03-16 00:00:00  2021-03-16 00:00:00  2021-03-16 00:00:00  2021-03-16 00:00:00  2021-03-16 00:00:00  2021-03-16 00:00:00  2021-03-16 00:00:00  2021-03-20 00:00:00  2021-03-09 00:00:00  2021-03-16 00:00:00  2021-03-09 00:00:00  2021-03-17 00:00:00  2021-03-16 00:00:00  2021-03-09 00:00:00  2021-03-10 00:00:00  2021-03-10 00:00:00  2021-03-17 00:00:00  2021-03-09 00:00:00  2021-03-18 00:00:00  2021-03-18 00:00:00  2021-03-18 00:00:00  2021-03-18 00:00:00  2021-03-18 00:00:00  2021-03-20 00:00:00  2021-03-20 00:00:00  2021-03-20 00:00:00  2021-03-19 00:00:00  2021-03-19 00:00:00  2021-03-19 00:00:00  2021-03-19 00:00:00  2021-03-17 00:00:00  2021-03-17 00:00:00  2021-03-09 00:00:00  2021-03-09 00:00:00  2021-03-17 00:00:00         NaN         NaT
83   PPM2021_03015                   PROMIS-1           NaN  2021-03-02 00:00:00                                                      ..\Forms\2021\BW\PPM2021_03015.xlsx     ..\EAP\Forms\EAP_CmssecCorpCnr_21_03015.xlsx                                                                                                                                                                 PROMIS-1 [PROMIS] Develop Protocol Management Information System (ProMIS) services  2021-03      BW     Bi-weeking           CmssecCorpCnrPrd                                                   CMS_PROMIS_PROMIS_APP_1_0_0 1.0.0        NaN  CS4        Ken Leung                                                                                                                [EAP 12c rollout] 2021-03-08  NaN  2021-03-09 00:00:00                  NaN                  NaN                  NaN                  NaN                  NaN                  NaN                  NaN                  NaN                  NaN                  NaN                  NaN                  NaN                  NaN                  NaN                  NaN                  NaN                  NaN                  NaN                  NaN                  NaN                  NaN                  NaN                  NaN                  NaN                  NaN                  NaN                  NaN                  NaN                  NaN                  NaN                  NaN                  NaN                  NaN                  NaN                  NaN                  NaN                  NaN                  NaN                  NaN                  NaN                  NaN                  NaN         NaN         NaT
84   PPM2021_03016                  NURSUM-38           NaN  2021-03-02 00:00:00                                                      ..\Forms\2021\BW\PPM2021_03016.xlsx                                              NaN                                                                                                                               NURSUM-38: [NURSUM] Align to Nursing system (Patient Assessment Form) on adding wound data (change from 4 to 7 sets)  2021-03      BW     Bi-weeking                        NaN                                                                                 NaN        NaN  CS4     Charlie Chow                                                                [AAT Test Failure] Please promote after NURSUM-37 (PPM2021_02002)        NaT  NaN                  NaN                  NaN                  NaN                  NaN                  NaN                  NaN                  NaN                  NaN                  NaN                  NaN                  NaN                  NaN                  NaN                  NaN                  NaN                  NaN                  NaN                  NaN                  NaN                  NaN                  NaN                  NaN                  NaN                  NaN                  NaN                  NaN                  NaN                  NaN                  NaN                  NaN                  NaN                  NaN                  NaN                  NaN                  NaN                  NaN                  NaN                  NaN                  NaN                  NaN                  NaN                  NaN                  NaN         NaN         NaT
85   PPM2021_03017       PSYPAF-38, PSYPAF-36   16-Mar-2021  2021-03-02 00:00:00                                                      ..\Forms\2021\BW\PPM2021_03017.xlsx                                              NaN                                                    PSYPAF-38: [PSYPAF] Add "fluid consistencies" information and update "diet listing" under nutrition\nPSYPAF-36: [PSYPAF] Add the need to referral of interpretation service under Communication  2021-03      BW     Bi-weeking                        NaN                                                                                 NaN        NaN  CS4      Alison Wong                                                                   [AAT Test Failure] Please promote this change on 16 Mar 2021 .        NaT  NaN                  NaN                  NaN                  NaN                  NaN                  NaN                  NaN                  NaN                  NaN                  NaN                  NaN                  NaN                  NaN                  NaN                  NaN                  NaN                  NaN                  NaN                  NaN                  NaN                  NaN                  NaN                  NaN                  NaN                  NaN                  NaN                  NaN                  NaN                  NaN                  NaN                  NaN                  NaN                  NaN                  NaN                  NaN                  NaN                  NaN                  NaN                  NaN                  NaN                  NaN                  NaN                  NaN                  NaN         NaN         NaT
86   PPM2021_03018                     PAF-65   16-Mar-2021  2021-03-02 00:00:00                                                      ..\Forms\2021\BW\PPM2021_03018.xlsx                                              NaN                                                                                                                                                                                            PAF-65: [PAF] Update diet list from 9 types to 16 types  2021-03      BW     Bi-weeking                        NaN                                                                                 NaN        NaN  CS4      Alison Wong                                                                   [AAT Test Failure] Please promote this change on 16 Mar 2021 .        NaT  NaN                  NaN                  NaN                  NaN                  NaN                  NaN                  NaN                  NaN                  NaN                  NaN                  NaN                  NaN                  NaN                  NaN                  NaN                  NaN                  NaN                  NaN                  NaN                  NaN                  NaN                  NaN                  NaN                  NaN                  NaN                  NaN                  NaN                  NaN                  NaN                  NaN                  NaN                  NaN                  NaN                  NaN                  NaN                  NaN                  NaN                  NaN                  NaN                  NaN                  NaN                  NaN                  NaN                  NaN         NaN         NaT
87   PPM2021_03019             PAF-64, PAF-66   16-Mar-2021  2021-03-02 00:00:00                                                      ..\Forms\2021\BW\PPM2021_03019.xlsx                                                Y                                                                                                                                                  PAF-64: [PAF] Update diet list from 9 types to 16 types\nPAF-66: [PAF] Update fluid consistencies  2021-03      BW     Bi-weeking            CmsCorpMisc4Prd                                                                                 NaN        NaN  CS4      Alison Wong  [AAT Test Failure] [EAP 12c rollout] Please promote this change on 16 Mar 2021 .AND Please promote before PAF-73(PPM2021_03029)        NaT  NaN                  NaN                  NaN                  NaN                  NaN                  NaN                  NaN                  NaN                  NaN                  NaN                  NaN                  NaN                  NaN                  NaN                  NaN                  NaN                  NaN                  NaN                  NaN                  NaN                  NaN                  NaN                  NaN                  NaN                  NaN                  NaN                  NaN                  NaN                  NaN                  NaN                  NaN                  NaN                  NaN                  NaN                  NaN                  NaN                  NaN                  NaN                  NaN                  NaN                  NaN                  NaN                  NaN                  NaN         NaN         NaT
89   PPM2021_03020                      FHF-1           NaN  2021-03-02 00:00:00                                                      ..\Forms\2021\BW\PPM2021_03020.xlsx     ..\EAP\Forms\EAP_CmssecCorpCnr_21_03020.xlsx                                                                                                                                   FHF-1: [FHF] Develop Fragility Hip Fracture (FHF) pathway under Protocol Management Information System (ProMIS).  2021-03      BW     Bi-weeking           CmssecCorpCnrPrd                                                         CMS_FHF_FHF_APP_1_0_0 1.0.0        NaN  CS4        Ken Leung                                                                                                                [EAP 12c rollout] 2021-03-08  NaN  2021-03-09 00:00:00  2021-03-16 00:00:00  2021-03-16 00:00:00  2021-03-16 00:00:00  2021-03-16 00:00:00  2021-03-16 00:00:00  2021-03-16 00:00:00  2021-03-16 00:00:00  2021-03-16 00:00:00  2021-03-16 00:00:00  2021-03-16 00:00:00  2021-03-16 00:00:00  2021-03-16 00:00:00  2021-03-16 00:00:00  2021-03-16 00:00:00  2021-03-20 00:00:00  2021-03-09 00:00:00  2021-03-16 00:00:00  2021-03-09 00:00:00  2021-03-17 00:00:00  2021-03-16 00:00:00  2021-03-09 00:00:00  2021-03-10 00:00:00  2021-03-10 00:00:00  2021-03-17 00:00:00  2021-03-09 00:00:00  2021-03-18 00:00:00  2021-03-18 00:00:00  2021-03-18 00:00:00  2021-03-18 00:00:00  2021-03-18 00:00:00  2021-03-20 00:00:00  2021-03-20 00:00:00  2021-03-20 00:00:00  2021-03-19 00:00:00  2021-03-19 00:00:00  2021-03-19 00:00:00  2021-03-19 00:00:00  2021-03-17 00:00:00  2021-03-17 00:00:00  2021-03-09 00:00:00  2021-03-09 00:00:00  2021-03-17 00:00:00         NaN         NaT
90   PPM2021_03021                   CBNS-498   16-Mar-2021  2021-03-02 00:00:00                                                      ..\Forms\2021\BW\PPM2021_03021.xlsx                                              NaN                                                                                                                                                                  CBNS-498: [CBNS] Align with Revamp DCMS on the Data of Diet and Fluid Consistency  2021-03      BW     Bi-weeking                        NaN                                                                                 NaN        NaN  CS4        David Mak                                                                   [AAT Test Failure] Please promote this change on 16 Mar 2021 .        NaT  NaN                  NaN                  NaN                  NaN                  NaN                  NaN                  NaN                  NaN                  NaN                  NaN                  NaN                  NaN                  NaN                  NaN                  NaN                  NaN                  NaN                  NaN                  NaN                  NaN                  NaN                  NaN                  NaN                  NaN                  NaN                  NaN                  NaN                  NaN                  NaN                  NaN                  NaN                  NaN                  NaN                  NaN                  NaN                  NaN                  NaN                  NaN                  NaN                  NaN                  NaN                  NaN                  NaN                  NaN         NaN         NaT
91   PPM2021_03022                     CCP-15           NaN  2021-03-02 00:00:00                                                      ..\Forms\2021\BW\PPM2021_03022.xlsx                                              NaN                                                                                                                                                     CCP-15 [CMS - Common Client Printing] Support printing with CCP Agent under Citrix Environment  2021-03      BW     Bi-weeking                        NaN                                                                                 NaN        NaN  EA2        Ricky Yau                                                                                                                              NaN        NaT  NaN  2021-03-09 00:00:00                  NaN                  NaN                  NaN                  NaN                  NaN                  NaN                  NaN                  NaN                  NaN                  NaN                  NaN                  NaN                  NaN                  NaN                  NaN                  NaN                  NaN                  NaN                  NaN                  NaN                  NaN                  NaN                  NaN                  NaN                  NaN                  NaN                  NaN                  NaN                  NaN                  NaN                  NaN                  NaN                  NaN                  NaN                  NaN                  NaN                  NaN                  NaN                  NaN                  NaN                  NaN                  NaN         NaN         NaT
92   PPM2021_03023                     CCM-34           NaN  2021-03-02 00:00:00  https://wfeng-svc/Runtime/Runtime/Form/CMS__Promotion__Form?formnumber=M-ITOCMS-21-0062                                                Y                                                                                                                                                                                            CCM-34: [CCM] Handle Data to PPS by Program code change  2021-03      BW     Bi-weeking            CmsCorpMisc9Prd                                                      CMS_CCM_CCM_APP_1_3_11 1.3.11         NaN  CS3        Henry LAM                                                                                       Please promote after PPS-6 (PPM2021_03003) 2021-03-09  NaN  2021-03-09 00:00:00  2021-03-16 00:00:00  2021-03-16 00:00:00  2021-03-16 00:00:00  2021-03-16 00:00:00  2021-03-16 00:00:00  2021-03-16 00:00:00  2021-03-16 00:00:00  2021-03-16 00:00:00  2021-03-16 00:00:00  2021-03-16 00:00:00  2021-03-16 00:00:00  2021-03-16 00:00:00  2021-03-16 00:00:00  2021-03-16 00:00:00  2021-03-20 00:00:00  2021-03-09 00:00:00  2021-03-16 00:00:00  2021-03-09 00:00:00  2021-03-17 00:00:00  2021-03-16 00:00:00  2021-03-09 00:00:00  2021-03-10 00:00:00  2021-03-10 00:00:00  2021-03-17 00:00:00  2021-03-09 00:00:00  2021-03-18 00:00:00  2021-03-18 00:00:00  2021-03-18 00:00:00  2021-03-18 00:00:00  2021-03-18 00:00:00  2021-03-20 00:00:00  2021-03-20 00:00:00  2021-03-20 00:00:00  2021-03-19 00:00:00  2021-03-19 00:00:00  2021-03-19 00:00:00  2021-03-19 00:00:00  2021-03-17 00:00:00  2021-03-17 00:00:00  2021-03-09 00:00:00  2021-03-09 00:00:00  2021-03-17 00:00:00         NaN         NaT
93   PPM2021_03024                     ICBN-9           NaN  2021-03-02 00:00:00  https://wfeng-svc/Runtime/Runtime/Form/CMS__Promotion__Form?formnumber=M-ITOCMS-21-0061   ..\EAP\Forms\EAP_CmspriCorpNdors_21_03024.xlsx                                                                                                                                                                                                             ICBN-9: [ICBN] Migrate to Weblogic 12C  2021-03      BW     Bi-weeking         CmspriCorpNdorsPrd                                  CMS_ICBN_ENTRY_APP_1_2_7, CMS_ICBN_MAIN_APP_1_2_10        NaN  CS3       Ivan LEUNG                                                                                                                [EAP 12c rollout] 2021-03-08  NaN                  NaN                  NaN                  NaN                  NaN                  NaN                  NaN                  NaN                  NaN                  NaN                  NaN                  NaN                  NaN                  NaN                  NaN                  NaN                  NaN                  NaN                  NaN                  NaN                  NaN                  NaN                  NaN                  NaN                  NaN                  NaN                  NaN                  NaN                  NaN                  NaN                  NaN                  NaN                  NaN                  NaN                  NaN                  NaN                  NaN                  NaN                  NaN                  NaN                  NaN                  NaN                  NaN                  NaN         NaN         NaT
94   PPM2021_03025                  CIEDRM-14           NaN  2021-03-02 00:00:00  https://wfeng-svc/Runtime/Runtime/Form/CMS__Promotion__Form?formnumber=M-ITOCMS-21-0069                                              NaN                                                                                                                                                                                 CIEDRM-14: [CIEDRM] Migrate to 12c and Apply CMSAF 3.5.0 to CIEDRM  2021-03      BW     Bi-weeking                        NaN                                                                                 NaN        NaN  CS3      David CHENG                                                                                    Please promote after CIEDRM-10(PPM2021_03010)        NaT  NaN  2021-03-09 00:00:00  2021-04-27 00:00:00  2021-04-27 00:00:00  2021-04-27 00:00:00  2021-04-27 00:00:00  2021-04-27 00:00:00  2021-04-27 00:00:00  2021-04-27 00:00:00  2021-04-27 00:00:00  2021-04-27 00:00:00  2021-04-27 00:00:00  2021-04-27 00:00:00  2021-04-27 00:00:00  2021-04-27 00:00:00  2021-04-27 00:00:00                  NaN                  NaN                  NaN                  NaN                  NaN                  NaN                  NaN                  NaN                  NaN                  NaN                  NaN  2021-05-27 00:00:00  2021-05-27 00:00:00  2021-05-27 00:00:00  2021-05-27 00:00:00  2021-05-27 00:00:00                  NaN                  NaN                  NaN                  NaN                  NaN                  NaN                  NaN                  NaN                  NaN                  NaN                  NaN                  NaN         NaN         NaT
96   PPM2021_03027                    MRFU-14           NaN  2021-03-02 00:00:00  https://wfeng-svc/Runtime/Runtime/Form/CMS__Promotion__Form?formnumber=M-ITOCMS-21-0077                                                Y                                                                                                                                                                                     MRFU-14: [MRFU] Update UI and the data retrieval logic in MRFU  2021-03      BW     Bi-weeking            CmsCorpMisc2Prd                                                     CMS_MRFU_MAIN_APP_5_14_0 5.14.0        NaN  CS6     Desmond Chow                                                                                                                [EAP 12c rollout] 2021-03-09  NaN  2021-03-09 00:00:00  2021-03-16 00:00:00  2021-03-16 00:00:00  2021-03-16 00:00:00  2021-03-16 00:00:00  2021-03-16 00:00:00  2021-03-16 00:00:00  2021-03-16 00:00:00  2021-03-16 00:00:00  2021-03-16 00:00:00  2021-03-16 00:00:00  2021-03-16 00:00:00  2021-03-16 00:00:00  2021-03-16 00:00:00  2021-03-16 00:00:00  2021-03-20 00:00:00  2021-03-09 00:00:00  2021-03-16 00:00:00  2021-03-09 00:00:00  2021-03-17 00:00:00  2021-03-16 00:00:00  2021-03-09 00:00:00  2021-03-10 00:00:00  2021-03-10 00:00:00  2021-03-17 00:00:00  2021-03-09 00:00:00  2021-03-18 00:00:00  2021-03-18 00:00:00  2021-03-18 00:00:00  2021-03-18 00:00:00  2021-03-18 00:00:00  2021-03-20 00:00:00  2021-03-20 00:00:00  2021-03-20 00:00:00  2021-03-19 00:00:00  2021-03-19 00:00:00  2021-03-19 00:00:00  2021-03-19 00:00:00  2021-03-17 00:00:00  2021-03-17 00:00:00  2021-03-09 00:00:00  2021-03-09 00:00:00  2021-03-17 00:00:00         NaN         NaT
98   PPM2021_03028         AHDOC-62, AHDOC-63           NaN  2021-03-02 00:00:00  https://wfeng-svc/Runtime/Runtime/Form/CMS__Promotion__Form?formnumber=M-ITOCMS-21-0071      ..\EAP\Forms\EAP_CmspriCorpAh_21_03028.xlsx                                                                                                                                   AHDOC-62: [AHDOC] Enhancement in Diet Assessment Form\nAHDOC-63: [AHDOC] Mobile Diet Assessment Form Development  2021-03      BW     Bi-weeking            CmspriCorpAhPrd                                                                                 NaN        NaN  CS3      David Cheng                                                                                                                              NaN 2021-03-09  NaN  2021-03-09 00:00:00                  NaN                  NaN                  NaN                  NaN                  NaN                  NaN                  NaN                  NaN                  NaN                  NaN                  NaN                  NaN                  NaN                  NaN                  NaN                  NaN                  NaN                  NaN                  NaN                  NaN                  NaN                  NaN                  NaN                  NaN                  NaN                  NaN                  NaN                  NaN                  NaN                  NaN                  NaN                  NaN                  NaN                  NaN                  NaN                  NaN                  NaN                  NaN                  NaN                  NaN                  NaN                  NaN         NaN         NaT
100  PPM2021_03029                     PAF-73           NaN  2021-03-02 00:00:00                                                      ..\Forms\2021\BW\PPM2021_03029.xlsx                                              NaN                                                                                                                                                                              PAF-73: [PAF] Forwarder scripts for PAF WebLogic 12c (PAF-64, PAF-66)  2021-03      BW     Bi-weeking                        NaN                                                                                 NaN        NaN  CS4      Alison Wong                                   [AAT Test Failure] Please promote after PAF-55 (PPM2021_01010), PAF-64, PAF-66 (PPM2021_03019)        NaT  NaN                  NaN                  NaN                  NaN                  NaN                  NaN                  NaN                  NaN                  NaN                  NaN                  NaN                  NaN                  NaN                  NaN                  NaN                  NaN                  NaN                  NaN                  NaN                  NaN                  NaN                  NaN                  NaN                  NaN                  NaN                  NaN                  NaN                  NaN                  NaN                  NaN                  NaN                  NaN                  NaN                  NaN                  NaN                  NaN                  NaN                  NaN                  NaN                  NaN                  NaN                  NaN                  NaN                  NaN         NaN         NaT
101  PPM2021_04001                 RPTSCRN-48           NaN  2021-03-02 00:00:00                                                                                Withdrawn                                              NaN                                                                                                                                                                                                                                                NaN  2021-04      BW     Bi-weeking                        NaN                                                                                 NaN        NaN  CS3        Henry Lam                                                                                                         [Withdrawn by FP in PPM]        NaT  NaN                  NaN                  NaN                  NaN                  NaN                  NaN                  NaN                  NaN                  NaN                  NaN                  NaN                  NaN                  NaN                  NaN                  NaN                  NaN                  NaN                  NaN                  NaN                  NaN                  NaN                  NaN                  NaN                  NaN                  NaN                  NaN                  NaN                  NaN                  NaN                  NaN                  NaN                  NaN                  NaN                  NaN                  NaN                  NaN                  NaN                  NaN                  NaN                  NaN                  NaN                  NaN                  NaN                  NaN         NaN         NaT
102  PPM2021_04002                  CMSALS-30           NaN  2021-03-22 00:00:00                                                      ..\Forms\2021\BW\PPM2021_04002.xlsx                                              NaN                                                                                                                                                                    CMSALS-30: [ALS] Update "als_func_reg" table records in CMS-ALS and CMS_CORE DB  2021-04      BW     Bi-weeking                        NaN                                                                                 NaN        NaN  EA2       Annie CHOI                                                                                                       CORP level - ALL Hospitals        NaT  NaN                  NaN                  NaN                  NaN                  NaN                  NaN                  NaN                  NaN                  NaN                  NaN                  NaN                  NaN                  NaN                  NaN                  NaN                  NaN                  NaN                  NaN                  NaN                  NaN                  NaN                  NaN                  NaN                  NaN                  NaN                  NaN                  NaN                  NaN                  NaN                  NaN                  NaN                  NaN                  NaN                  NaN                  NaN                  NaN                  NaN                  NaN                  NaN                  NaN                  NaN                  NaN                  NaN                  NaN         NaN         NaT
103  PPM2021_04003                 TERMENG-29           NaN  2021-03-22 00:00:00                                                      ..\Forms\2021\BW\PPM2021_04003.xlsx                                              NaN                                                                                                                                                                            TERMENG-29: [TERMENG] To switch IAMS 12c service to active site in PROD  2021-04      BW     Bi-weeking                        NaN                                                                                 NaN        NaN  CS4        Wilson YU                                                                                                 This promotion is for PROD only.        NaT  NaN                  NaN  2021-04-17 00:00:00  2021-04-10 00:00:00  2021-04-10 00:00:00  2021-04-10 00:00:00  2021-04-17 00:00:00  2021-04-10 00:00:00  2021-04-17 00:00:00  2021-04-16 00:00:00  2021-04-17 00:00:00  2021-04-17 00:00:00  2021-04-10 00:00:00  2021-04-16 00:00:00  2021-04-17 00:00:00  2021-04-17 00:00:00                  NaN                  NaN                  NaN                  NaN                  NaN                  NaN                  NaN                  NaN                  NaN                  NaN                  NaN  2021-04-13 00:00:00  2021-04-14 00:00:00  2021-04-14 00:00:00  2021-04-14 00:00:00  2021-04-14 00:00:00                  NaN                  NaN                  NaN                  NaN                  NaN                  NaN                  NaN                  NaN                  NaN                  NaN                  NaN                  NaN         NaN         NaT
104  PPM2021_04004                     MPL-63           NaN  2021-03-22 00:00:00                                                      ..\Forms\2021\BW\PPM2021_04004.xlsx    ..\EAP\Forms\EAP_CmstertCorpMpl_21_04004.xlsx                                                                                                                                                                                  MPL-63: [MPL] Enhancement in MDL to support auto-flag Hepatitis B  2021-04      BW     Bi-weeking          CmstertCorpMplPrd                         CMS_MPL_PORTAL_APP_2_1_0 2.1.0, CMS_CMS_MPL_WSS_3_0_1 3.0.1        NaN  CS4        Wilson YU                                                                                                          [EAP 12c rollout] [API] 2021-03-25  NaN                  NaN                  NaN                  NaN                  NaN                  NaN                  NaN                  NaN                  NaN                  NaN                  NaN                  NaN                  NaN                  NaN                  NaN                  NaN                  NaN                  NaN                  NaN                  NaN                  NaN                  NaN                  NaN                  NaN                  NaN                  NaN                  NaN                  NaN                  NaN                  NaN                  NaN                  NaN                  NaN                  NaN                  NaN                  NaN                  NaN                  NaN                  NaN                  NaN                  NaN                  NaN                  NaN                  NaN         NaN         NaT
106  PPM2021_04005              CMSCOMUTIL-98           NaN  2021-03-22 00:00:00                                                      ..\Forms\2021\BW\PPM2021_04005.xlsx  ..\EAP\Forms\EAP_CmsmiscCorpMisci_21_04005.xlsx                                                                                                                                               CMSCOMUTIL-98: [CMSCOMUTIL] To support personal note template feature to Mobile Result Screening app  2021-04      BW     Bi-weeking        CmsmiscCorpMisciPrd                                               CMS_PERSONAL_TEMPLATE_APP_2_1_0 2.1.0        NaN  EA2        Ricky Yau                                                               [EAP 12c rollout] Please promote before RPTSCRN-49 (PPM2021_04007) 2021-03-25  NaN                  NaN  2021-04-17 00:00:00  2021-04-10 00:00:00  2021-04-10 00:00:00  2021-04-10 00:00:00  2021-04-17 00:00:00  2021-04-10 00:00:00  2021-04-17 00:00:00  2021-04-16 00:00:00  2021-04-17 00:00:00  2021-04-17 00:00:00  2021-04-10 00:00:00  2021-04-16 00:00:00  2021-04-17 00:00:00  2021-04-17 00:00:00                  NaN                  NaN                  NaN                  NaN                  NaN                  NaN                  NaN                  NaN                  NaN                  NaN                  NaN  2021-04-13 00:00:00  2021-04-14 00:00:00  2021-04-14 00:00:00  2021-04-14 00:00:00  2021-04-14 00:00:00                  NaN                  NaN                  NaN                  NaN                  NaN                  NaN                  NaN                  NaN                  NaN                  NaN                  NaN                  NaN         NaN         NaT
108  PPM2021_04006                FEEDBACK-11           NaN  2021-03-22 00:00:00  https://wfeng-svc/Runtime/Runtime/Form/CMS__Promotion__Form?formnumber=M-ITOCMS-21-0116                                              NaN                                                                                                                                                                 FEEDBACK-11: [FEEDBACK] To update the Disease Classification Coordinator mail list  2021-04      BW     Bi-weeking                        NaN                                                                                 NaN        NaN  CS4      Franco TANG                                                                                                                              NaN        NaT  NaN                  NaN                  NaN                  NaN                  NaN                  NaN                  NaN                  NaN                  NaN                  NaN                  NaN                  NaN                  NaN                  NaN                  NaN                  NaN                  NaN                  NaN                  NaN                  NaN                  NaN                  NaN                  NaN                  NaN                  NaN                  NaN                  NaN                  NaN                  NaN                  NaN                  NaN                  NaN                  NaN                  NaN                  NaN                  NaN                  NaN                  NaN                  NaN                  NaN                  NaN                  NaN                  NaN                  NaN         NaN         NaT
109  PPM2021_04007     RPTSCRN-48, PRTSCRN-49           NaN  2021-03-22 00:00:00  https://wfeng-svc/Runtime/Runtime/Form/CMS__Promotion__Form?formnumber=M-ITOCMS-21-0125       ..\EAP\Forms\EAP_CmsCorpOrts_21_04007.xlsx                                                                                               RPTSCRN-48: [RPTSCRN] Show PDF in consultation note\nRPTSCRN-49: [RPTSCRN] Retrieve "Personal Note Template" content for Mobile Result Screening APP  2021-04      BW     Bi-weeking             CmsCorpOrtsPrd                    CMS_RPT_SCREENING_APP 1.0.8, CMS_RPT_SCREENINGFn_APP_1_0_9 1.0.9        NaN  CS3        Henry Lam                                Please promote before DSCN-65 (PPM2021_04010). Please promote after CMSCOMUTIL-98 (PPM2021_04005) 2021-03-25  NaN                  NaN  2021-04-17 00:00:00  2021-04-10 00:00:00  2021-04-10 00:00:00  2021-04-10 00:00:00  2021-04-17 00:00:00  2021-04-10 00:00:00  2021-04-17 00:00:00  2021-04-16 00:00:00  2021-04-17 00:00:00  2021-04-17 00:00:00  2021-04-10 00:00:00  2021-04-16 00:00:00  2021-04-17 00:00:00  2021-04-17 00:00:00                  NaN                  NaN                  NaN                  NaN                  NaN                  NaN                  NaN                  NaN                  NaN                  NaN                  NaN  2021-04-13 00:00:00  2021-04-14 00:00:00  2021-04-14 00:00:00  2021-04-14 00:00:00  2021-04-14 00:00:00                  NaN                  NaN                  NaN                  NaN                  NaN                  NaN                  NaN                  NaN                  NaN                  NaN                  NaN                  NaN         NaN         NaT
110  PPM2021_04008                   AHDOC-72           NaN  2021-03-22 00:00:00  https://wfeng-svc/Runtime/Runtime/Form/CMS__Promotion__Form?formnumber=M-ITOCMS-21-0050                                                Y                                                                                                                                                                            AHDOC-72: [AHDOC] Change AH pdf transfer date to form creation datetime  2021-04      BW     Bi-weeking            CmspriCorpAhPrd                                                           CMS_AH_AH_APP_8_0_4 8.0.4        NaN  CS3      David CHENG                                 [EAP 12c rollout] Please promote before CNR-43(*), Please promote after AHDOC-70 (PPM2020_18025) 2021-03-25  NaN                  NaN  2021-04-17 00:00:00  2021-04-10 00:00:00  2021-04-10 00:00:00  2021-04-10 00:00:00  2021-04-17 00:00:00  2021-04-10 00:00:00  2021-04-17 00:00:00  2021-04-16 00:00:00  2021-04-17 00:00:00  2021-04-17 00:00:00  2021-04-10 00:00:00  2021-04-16 00:00:00  2021-04-17 00:00:00  2021-04-17 00:00:00                  NaN                  NaN                  NaN                  NaN                  NaN                  NaN                  NaN                  NaN                  NaN                  NaN                  NaN  2021-04-15 00:00:00  2021-04-20 00:00:00  2021-04-20 00:00:00  2021-04-15 00:00:00  2021-04-15 00:00:00                  NaN                  NaN                  NaN                  NaN                  NaN                  NaN                  NaN                  NaN                  NaN                  NaN                  NaN                  NaN         NaN         NaT
111  PPM2021_04009                     PSP-50           NaN  2021-03-22 00:00:00                                                                                Withdrawn                                              NaN                                                                                                                                                                         PSP-50: [PSP] Forwarder script of PSP-34, PSP-37 and PSP-38 (Weblogic 12c)  2021-04      BW     Bi-weeking                        NaN                                                                                 NaN        NaN  CS4       Raymond AU                                                                                 [Withdrawn by FP in PPM and re-submit as Urgent]        NaT  NaN                  NaN                  NaN                  NaN                  NaN                  NaN                  NaN                  NaN                  NaN                  NaN                  NaN                  NaN                  NaN                  NaN                  NaN                  NaN                  NaN                  NaN                  NaN                  NaN                  NaN                  NaN                  NaN                  NaN                  NaN                  NaN                  NaN                  NaN                  NaN                  NaN                  NaN                  NaN                  NaN                  NaN                  NaN                  NaN                  NaN                  NaN                  NaN                  NaN                  NaN                  NaN                  NaN                  NaN         NaN         NaT
112  PPM2021_04010           DSCN-65, DSCH-63           NaN  2021-03-22 00:00:00                                                      ..\Forms\2021\BW\PPM2021_04010.xlsx                                                Y                                                                                                           DSCN-65: [DSCN] Support HTML content from Result Screening and Follow Up record\nDSCN-63: [DSCN] Enhance DSCN function to insert symbols  2021-04      BW     Bi-weeking          CmssecCorpDscnPrd                                                       CMS_DSCN_DSCN_APP_4_4_0 4.4.0        NaN  CS4  Wing Chung TANG                                                                                  Please promote after RPTSCRN-48 (PPM2021_04007) 2021-03-25  NaN                  NaN  2021-04-17 00:00:00  2021-04-10 00:00:00  2021-04-10 00:00:00  2021-04-10 00:00:00  2021-04-17 00:00:00  2021-04-10 00:00:00  2021-04-17 00:00:00  2021-04-16 00:00:00  2021-04-17 00:00:00  2021-04-17 00:00:00  2021-04-10 00:00:00  2021-04-16 00:00:00  2021-04-17 00:00:00  2021-04-17 00:00:00                  NaN                  NaN                  NaN                  NaN                  NaN                  NaN                  NaN                  NaN                  NaN                  NaN                  NaN  2021-04-20 00:00:00  2021-04-20 00:00:00  2021-04-20 00:00:00  2021-04-15 00:00:00  2021-04-15 00:00:00                  NaN                  NaN                  NaN                  NaN                  NaN                  NaN                  NaN                  NaN                  NaN                  NaN                  NaN                  NaN         NaN         NaT
113  PPM2021_04011                   GCRS-199           NaN  2021-03-22 00:00:00                                                      ..\Forms\2021\BW\PPM2021_04011.xlsx                                              NaN                                             GCRS-199: [GCRS] To revise the GCR-Private (Non-HA) Radiology Request Master List to version 2.60\n1. To add a new radiology centre (156)\n2. To change the english name of one radiology centre (116)  2021-04      BW     Bi-weeking                        NaN                                                                                 NaN        NaN  CS1        Mabel LAU                Please ignore this promotion if your supporting hospital is NOT using the GCR-Private (Non-HA) radiology request.        NaT  NaN                  NaN  2021-04-17 00:00:00  2021-04-10 00:00:00  2021-04-10 00:00:00  2021-04-10 00:00:00  2021-04-17 00:00:00  2021-04-10 00:00:00  2021-04-17 00:00:00  2021-04-16 00:00:00  2021-04-17 00:00:00  2021-04-17 00:00:00  2021-04-10 00:00:00                  NaN  2021-04-17 00:00:00                  NaN  2021-03-25 00:00:00  2021-03-25 00:00:00  2021-03-25 00:00:00  2021-03-25 00:00:00  2021-03-25 00:00:00  2021-03-25 00:00:00  2021-03-25 00:00:00  2021-03-25 00:00:00  2021-03-25 00:00:00  2021-03-25 00:00:00  2021-03-25 00:00:00  2021-04-13 00:00:00  2021-04-14 00:00:00  2021-04-14 00:00:00  2021-04-14 00:00:00  2021-04-14 00:00:00  2021-03-25 00:00:00  2021-03-25 00:00:00  2021-03-25 00:00:00  2021-03-25 00:00:00  2021-03-25 00:00:00  2021-03-25 00:00:00  2021-03-25 00:00:00  2021-03-25 00:00:00  2021-03-25 00:00:00  2021-03-25 00:00:00  2021-03-25 00:00:00  2021-03-25 00:00:00         NaN         NaT
114  PPM2021_04012                   GCRS-198           NaN  2021-03-22 00:00:00                                                      ..\Forms\2021\BW\PPM2021_04012.xlsx                                              NaN             GCRS-198: [GCRS] To update GCRS-Blood Bank Master List to Version 2.17\nFor the Blood Bank tests BB005, BB008, BB007 and BB006, \napply the setting of do not allow print label by workstation (Same as other Blood bank module tests)  2021-04      BW     Bi-weeking                        NaN                                                                                 NaN        NaN  CS1        Mabel LAU              Please ignore this promotion if your supporting hospitals NOT implemented the GCRS-Blood Bank (T&S) request module.        NaT  NaN                  NaN  2021-04-17 00:00:00  2021-04-10 00:00:00  2021-04-10 00:00:00  2021-04-10 00:00:00  2021-04-17 00:00:00  2021-04-10 00:00:00  2021-04-17 00:00:00  2021-04-16 00:00:00  2021-04-17 00:00:00  2021-04-17 00:00:00  2021-04-10 00:00:00                  NaN  2021-04-17 00:00:00                  NaN  2021-03-25 00:00:00  2021-03-25 00:00:00  2021-03-25 00:00:00  2021-03-25 00:00:00  2021-03-25 00:00:00  2021-03-25 00:00:00  2021-03-25 00:00:00  2021-03-25 00:00:00  2021-03-25 00:00:00  2021-03-25 00:00:00  2021-03-25 00:00:00  2021-04-13 00:00:00  2021-04-14 00:00:00  2021-04-14 00:00:00  2021-04-14 00:00:00  2021-04-14 00:00:00  2021-03-25 00:00:00  2021-03-25 00:00:00  2021-03-25 00:00:00  2021-03-25 00:00:00  2021-03-25 00:00:00  2021-03-25 00:00:00  2021-03-25 00:00:00  2021-03-25 00:00:00  2021-03-25 00:00:00  2021-03-25 00:00:00  2021-03-25 00:00:00  2021-03-25 00:00:00         NaN         NaT
115  PPM2021_04013                      BCC-7           NaN  2021-03-22 00:00:00                                                      ..\Forms\2021\BW\PPM2021_04013.xlsx   ..\EAP\Forms\EAP_CmssecCorpOters_21_04013.xlsx                                                                                                                                  BCC-7: [BCC] Technical refreshment - Migrate BCC application to WebLogic 12c application server with CMSAF v3.6.0  2021-04      BW     Bi-weeking         CmssecCorpOtersPrd                                                                                 NaN        NaN  CS5       Ho Tak LEE                                                [AAT Test Failure] [EAP 12c rollout] Please promote before BCC-10 (PPM2021_04014)        NaT  NaN                  NaN                  NaN                  NaN                  NaN                  NaN                  NaN                  NaN                  NaN                  NaN                  NaN                  NaN                  NaN                  NaN                  NaN                  NaN                  NaN                  NaN                  NaN                  NaN                  NaN                  NaN                  NaN                  NaN                  NaN                  NaN                  NaN                  NaN                  NaN                  NaN                  NaN                  NaN                  NaN                  NaN                  NaN                  NaN                  NaN                  NaN                  NaN                  NaN                  NaN                  NaN                  NaN                  NaN         NaN         NaT
116  PPM2021_04014                     BCC-10           NaN  2021-03-22 00:00:00                                                      ..\Forms\2021\BW\PPM2021_04014.xlsx                                              NaN                                                                                                                                                                     BCC-10: [BCC] Setup forwarder entry of BCC function for WebLogic 12c migration  2021-04      BW     Bi-weeking                        NaN                                                                                 NaN        NaN  CS5       Ho Tak LEE                                                                    [AAT Test Failure] Please promote after BCC-7 (PPM2021_04013)        NaT  NaN                  NaN                  NaN                  NaN                  NaN                  NaN                  NaN                  NaN                  NaN                  NaN                  NaN                  NaN                  NaN                  NaN                  NaN                  NaN                  NaN                  NaN                  NaN                  NaN                  NaN                  NaN                  NaN                  NaN                  NaN                  NaN                  NaN                  NaN                  NaN                  NaN                  NaN                  NaN                  NaN                  NaN                  NaN                  NaN                  NaN                  NaN                  NaN                  NaN                  NaN                  NaN                  NaN                  NaN         NaN         NaT
117  PPM2021_04015     PSP-34, PSP-37, PSP-38           NaN  2021-03-22 00:00:00                                                                                Withdrawn                                                Y                                                    PSP-34: [PSP] Rename "Telecare Patient List" to "TeleHealth Patient List"\nPSP-37: [PSP] Create a patient list for CAR-T Cell Therapy Service\nPSP-38: [PSP] Create a patient list for eConsent  2021-04      BW     Bi-weeking        CmspriCorpCommonPrd                                                                                 NaN        NaN  CS4       Raymond AU                                                                                 [Withdrawn by FP in PPM and re-submit as Urgent]        NaT  NaN                  NaN                  NaN                  NaN                  NaN                  NaN                  NaN                  NaN                  NaN                  NaN                  NaN                  NaN                  NaN                  NaN                  NaN                  NaN                  NaN                  NaN                  NaN                  NaN                  NaN                  NaN                  NaN                  NaN                  NaN                  NaN                  NaN                  NaN                  NaN                  NaN                  NaN                  NaN                  NaN                  NaN                  NaN                  NaN                  NaN                  NaN                  NaN                  NaN                  NaN                  NaN                  NaN                  NaN         NaN         NaT
118  PPM2021_04016                   OPMOE-92           NaN  2021-03-22 00:00:00                                                      ..\Forms\2021\BW\PPM2021_04016.xlsx                                                Y                                                                                                                                                                   OPMOE-92: [OPMOE] Support ADR checking for non-HA ADR data - preliminary setting  2021-04      BW     Bi-weeking          CmstertCorpMoePrd                        CMS_MOE_CMSAF_APP_3_1_2 3.1.2, CMS_MOE_OPMOE_APP_3_0_4 3.0.4        NaN  CS1        Karen LAM                                                                                                                [EAP 12c rollout] 2021-03-25  NaN                  NaN  2021-04-17 00:00:00  2021-04-10 00:00:00  2021-04-10 00:00:00  2021-04-10 00:00:00  2021-04-17 00:00:00  2021-04-10 00:00:00  2021-04-17 00:00:00  2021-04-16 00:00:00  2021-04-17 00:00:00  2021-04-17 00:00:00  2021-04-10 00:00:00  2021-04-16 00:00:00  2021-04-17 00:00:00  2021-04-17 00:00:00  2021-04-17 00:00:00  2021-03-26 00:00:00  2021-03-26 00:00:00  2021-03-26 00:00:00  2021-04-14 00:00:00  2021-04-14 00:00:00  2021-03-26 00:00:00  2021-03-26 00:00:00  2021-03-26 00:00:00  2021-04-14 00:00:00  2021-03-25 00:00:00  2021-04-13 00:00:00  2021-04-14 00:00:00  2021-04-14 00:00:00  2021-04-14 00:00:00  2021-04-14 00:00:00  2021-04-17 00:00:00  2021-04-17 00:00:00  2021-04-17 00:00:00  2021-04-16 00:00:00  2021-04-17 00:00:00  2021-04-16 00:00:00  2021-04-17 00:00:00  2021-04-14 00:00:00  2021-04-14 00:00:00  2021-04-13 00:00:00  2021-04-13 00:00:00  2021-04-14 00:00:00         NaN         NaT
119  PPM2021_04017                   MCAF-275           NaN  2021-03-22 00:00:00                                                                                Withdrawn                                        Withdrawn                                                                                                                                                                                    MCAF-275: [MCAF] Technical refreshment to WebLogic 12c for MCAF  2021-04      BW     Bi-weeking  CmspriCorpSchedulerpriPrd                                                                                 NaN        NaN  CS5          Tim CHU                                                                                                         [Withdrawn by FP in PPM]        NaT  NaN                  NaN                  NaN                  NaN                  NaN                  NaN                  NaN                  NaN                  NaN                  NaN                  NaN                  NaN                  NaN                  NaN                  NaN                  NaN                  NaN                  NaN                  NaN                  NaN                  NaN                  NaN                  NaN                  NaN                  NaN                  NaN                  NaN                  NaN                  NaN                  NaN                  NaN                  NaN                  NaN                  NaN                  NaN                  NaN                  NaN                  NaN                  NaN                  NaN                  NaN                  NaN                  NaN                  NaN         NaN         NaT
121  PPM2021_04018     CART-2, CART-3, CART-4           NaN  2021-03-22 00:00:00                                                                                Withdrawn                                        Withdrawn                                      CART-2: [CART] Create 2 referral forms for CAR-T Cell Therapy Service\nCART-3: [CART] Create a custom PSP list for CAR-T Cell Therapy Service\nCART-4: [CART]Create a CAR-T Cell Therapy Recruitment function  2021-04      BW     Bi-weeking        CmsmiscCorpMischPrd                                                                                 NaN        NaN  CS3    Springo CHUNG                                                                                [Withdrawn by FP in PPM and re-submit as Urgent]         NaT  NaN                  NaN                  NaN                  NaN                  NaN                  NaN                  NaN                  NaN                  NaN                  NaN                  NaN                  NaN                  NaN                  NaN                  NaN                  NaN                  NaN                  NaN                  NaN                  NaN                  NaN                  NaN                  NaN                  NaN                  NaN                  NaN                  NaN                  NaN                  NaN                  NaN                  NaN                  NaN                  NaN                  NaN                  NaN                  NaN                  NaN                  NaN                  NaN                  NaN                  NaN                  NaN                  NaN                  NaN         NaN         NaT
122  PPM2021_04019                     MDS-71           NaN  2021-03-22 00:00:00  https://wfeng-svc/Runtime/Runtime/Form/CMS__Promotion__Form?formnumber=M-ITOCMS-21-0130                                                Y                                                                                                                                                                                                          MDS-71: [MDS] MDS for non-HA ADR checking  2021-04      BW     Bi-weeking          CmstertCorpMdsPrd                                                     CMS_MOE_MDSWEBS_APP_2_0_2 2.0.2        NaN  CS1        Karen LAM                                                                                                            [EAP 12c rollout] HAH 2021-03-25  NaN                  NaN                  NaN                  NaN                  NaN                  NaN                  NaN                  NaN                  NaN                  NaN                  NaN                  NaN                  NaN                  NaN                  NaN                  NaN                  NaN                  NaN                  NaN                  NaN                  NaN                  NaN                  NaN                  NaN                  NaN                  NaN                  NaN                  NaN                  NaN                  NaN                  NaN                  NaN                  NaN                  NaN                  NaN                  NaN                  NaN                  NaN                  NaN                  NaN                  NaN                  NaN                  NaN                  NaN         NaN         NaT
123  PPM2021_04020               FIG-8, FIG-9           NaN  2021-03-22 00:00:00                                                      ..\Forms\2021\BW\PPM2021_04020.xlsx  ..\EAP\Forms\EAP_CmsmiscCorpMiscb_21_04020.xlsx                                                                                                                                                      FIG-8: [FIG] To enhance fundus image grading form\nFIG-9: [FIG] To enhance fundus grading PSP  2021-04      BW     Bi-weeking        CmsmiscCorpMiscbPrd                                                        CMS_FIG_FORM_APP_1_2_0 1.2.0        NaN  CS6      Peter CHONG                                                                                                                [EAP 12c rollout] 2021-03-25  NaN                  NaN  2021-04-17 00:00:00  2021-04-10 00:00:00  2021-04-10 00:00:00  2021-04-10 00:00:00  2021-04-17 00:00:00  2021-04-10 00:00:00  2021-04-17 00:00:00  2021-04-16 00:00:00  2021-04-17 00:00:00  2021-04-17 00:00:00  2021-04-10 00:00:00  2021-04-16 00:00:00  2021-04-17 00:00:00  2021-04-17 00:00:00  2021-04-17 00:00:00  2021-03-26 00:00:00  2021-03-26 00:00:00  2021-03-26 00:00:00  2021-04-14 00:00:00  2021-04-14 00:00:00  2021-03-26 00:00:00  2021-03-26 00:00:00  2021-03-26 00:00:00  2021-04-14 00:00:00  2021-03-25 00:00:00  2021-04-13 00:00:00  2021-04-14 00:00:00  2021-04-14 00:00:00  2021-04-14 00:00:00  2021-04-14 00:00:00  2021-04-17 00:00:00  2021-04-17 00:00:00  2021-04-17 00:00:00  2021-04-16 00:00:00  2021-04-17 00:00:00  2021-04-16 00:00:00  2021-04-17 00:00:00  2021-04-14 00:00:00  2021-04-14 00:00:00  2021-04-13 00:00:00  2021-04-13 00:00:00  2021-04-14 00:00:00         NaN         NaT
124  PPM2021_04021     ARS-30, ARS-31, ARS-39           NaN  2021-03-22 00:00:00  https://wfeng-svc/Runtime/Runtime/Form/CMS__Promotion__Form?formnumber=M-ITOCMS-21-0132                                                Y                                                                                ARS-30: [ARS] Set default percentile lines preference for USG Chart\nARS-31: [ARS] Add personal template in USG Baby Remark\nARS-39: [ARS] Enhancement on EFW Chart  2021-04      BW     Bi-weeking       CmstertCorpObscisPrd                                                   CMS_OBSCIS_OBSCIS_APP_5_1_0 5.1.0        NaN  CS6      Peter CHONG                                                                    [EAP 12c rollout] Please promote after ARS-36 (PPM2020_19075) 2021-03-25  NaN                  NaN  2021-04-17 00:00:00  2021-04-17 00:00:00  2021-04-17 00:00:00  2021-04-17 00:00:00  2021-04-17 00:00:00  2021-04-17 00:00:00  2021-04-17 00:00:00  2021-04-16 00:00:00  2021-04-17 00:00:00  2021-04-17 00:00:00  2021-04-17 00:00:00  2021-04-16 00:00:00  2021-04-17 00:00:00  2021-04-17 00:00:00                  NaN                  NaN                  NaN                  NaN                  NaN                  NaN                  NaN                  NaN                  NaN                  NaN                  NaN  2021-04-20 00:00:00  2021-04-20 00:00:00  2021-04-20 00:00:00  2021-04-15 00:00:00  2021-04-15 00:00:00                  NaN                  NaN                  NaN                  NaN                  NaN                  NaN                  NaN                  NaN                  NaN                  NaN                  NaN                  NaN         NaN         NaT
125  PPM2021_04022                  PSYCIS-21           NaN  2021-03-22 00:00:00  https://wfeng-svc/Runtime/Runtime/Form/CMS__Promotion__Form?formnumber=M-ITOCMS-21-0126                                                Y                                                                                                                                                                            PSYCIS-21: [PSYCIS] Change from Jasper Print to PDF Print for MHO Forms  2021-04      BW     Bi-weeking        CmssecCorpPsycisPrd                                                                                 NaN        NaN  CS6     Desmond Chow                                                                                                               [PPM Test Failure]        NaT  NaN                  NaN                  NaN                  NaN                  NaN                  NaN                  NaN                  NaN                  NaN                  NaN                  NaN                  NaN                  NaN                  NaN                  NaN                  NaN                  NaN                  NaN                  NaN                  NaN                  NaN                  NaN                  NaN                  NaN                  NaN                  NaN                  NaN                  NaN                  NaN                  NaN                  NaN                  NaN                  NaN                  NaN                  NaN                  NaN                  NaN                  NaN                  NaN                  NaN                  NaN                  NaN                  NaN                  NaN         NaN         NaT
127  PPM2021_04023                     CDB-59  2021 Apr CMW  2021-03-22 00:00:00  https://wfeng-svc/Runtime/Runtime/Form/CMS__Promotion__Form?formnumber=M-ITOCMS-21-0131                                              NaN                                                                                                                                                           CDB-59: [CDB] To delete unused data log in CDB delay polling log tables for housekeeping  2021-04      BW     Bi-weeking                        NaN                                                                                 NaN        NaN  CS6        Albert Ho                                                                                  Please promote it in 2021 Apr CMW. (11-04-2021)        NaT  NaN                  NaN                  NaN                  NaN                  NaN                  NaN                  NaN                  NaN                  NaN                  NaN                  NaN                  NaN                  NaN                  NaN                  NaN                  NaN                  NaN                  NaN                  NaN                  NaN                  NaN                  NaN                  NaN                  NaN                  NaN                  NaN                  NaN                  NaN                  NaN                  NaN                  NaN                  NaN                  NaN                  NaN                  NaN                  NaN                  NaN                  NaN                  NaN                  NaN                  NaN                  NaN                  NaN                  NaN         NaN         NaT